0 0.8111916264090178 0.724 0.3760064412238326 0.5466666666666666
0 0.6392914653784219 0.6226666666666667 0.11594202898550723 0.2533333333333333
0 0.5905797101449275 0.5746666666666667 0.060386473429951695 0.1626666666666666
0 0.3494363929146538 0.6093333333333334 0.06441223832528183 0.14666666666666667
0 0.42310789049919484 0.5533333333333333 0.026570048309178685 0.06666666666666661
0 0.5366344605475041 0.5226666666666666 0.02495974235104672 0.06400000000000006
0 0.43236714975845414 0.548 0.024154589371980693 0.05599999999999996
0 0.44484702093397743 0.5346666666666666 0.021739130434782615 0.06133333333333333
0 0.4496779388083736 0.532 0.01851851851851851 0.05066666666666668
0 0.4581320450885668 0.5293333333333333 0.016103059581320522 0.039999999999999945
0 0.5229468599033817 0.5066666666666666 0.012077294685990392 0.03200000000000003
0 0.5591787439613526 0.49866666666666665 0.02979066022544279 0.03733333333333331
0 0.5583735909822867 0.49466666666666664 0.026570048309178685 0.045333333333333316
0 0.47302737520128824 0.5173333333333334 0.010466988727858251 0.03199999999999994
0 0.46980676328502413 0.5226666666666666 0.012077294685990303 0.03200000000000003
0 0.5551529790660226 0.4973333333333333 0.02495974235104672 0.034666666666666665
0 0.4758454106280193 0.516 0.009661835748792313 0.0293333333333333
0 0.4778582930756844 0.516 0.008856682769726287 0.02400000000000002
0 0.4782608695652174 0.5133333333333333 0.008051529790660261 0.02399999999999993
0 0.47946859903381644 0.5133333333333333 0.008856682769726287 0.02399999999999993
0 0.5479066022544283 0.4960000000000001 0.01851851851851851 0.02666666666666666
0 0.5466988727858293 0.4946666666666667 0.01288244766505633 0.02933333333333339
0 0.5446859903381642 0.4960000000000001 0.015297906602254408 0.02666666666666666
0 0.6288244766505636 0.47733333333333333 0.025764895330112746 0.03733333333333331
0 0.6252012882447665 0.48 0.02495974235104672 0.03200000000000003
0 0.5418679549114331 0.49733333333333335 0.016103059581320522 0.02400000000000002
0 0.4814814814814815 0.512 0.008051529790660261 0.021333333333333294
0 0.5201288244766505 0.5026666666666666 0.008051529790660261 0.02400000000000002
0 0.5193236714975845 0.5026666666666666 0.008051529790660261 0.02400000000000002
0 0.48268921095008055 0.512 0.007246376811594235 0.021333333333333294
0 0.5185185185185185 0.5013333333333334 0.008051529790660261 0.02133333333333338
0 0.4838969404186796 0.5093333333333334 0.008051529790660261 0.02133333333333338
0 0.5173107890499195 0.5026666666666667 0.008856682769726287 0.018666666666666654
0 0.4847020933977456 0.508 0.006441223832528209 0.018666666666666654
0 0.5157004830917874 0.5013333333333334 0.007246376811594235 0.02133333333333338
0 0.5157004830917874 0.5 0.007246376811594235 0.01866666666666674
0 0.48590982286634465 0.508 0.005636070853462183 0.018666666666666654
1 0.6352657004830917 0.47333333333333333 0.030595813204508816 0.045333333333333316
1 0.4710144927536232 0.508 0.014492753623188382 0.02400000000000002
0 0.3003220611916264 0.576 0.03381642512077292 0.06399999999999997
