1 0.8111916264090178 0.7426666666666667 0.37600644122383253 0.5093333333333333 0.1488746 0.7255177
1 0.6260064412238325 0.628 0.11030595813204509 0.2906666666666667 0.0 0.6075135
1 0.2528180354267311 0.656 0.11594202898550725 0.22933333333333333 0.0 0.5440891
1 0.3993558776167472 0.5533333333333333 0.033816425120772944 0.08266666666666667 0.0 0.5407066
1 0.535426731078905 0.516 0.028985507246376812 0.07733333333333334 0.0 0.4875479
1 0.4134460547504026 0.5453333333333333 0.029790660225442835 0.06666666666666667 0.0 0.3924324
1 0.4303542673107891 0.528 0.0249597423510467 0.06933333333333333 0.0 0.5508685
1 0.43800322061191627 0.5253333333333333 0.02254428341384863 0.058666666666666666 0.0 0.1899351
1 0.4492753623188406 0.52 0.017713365539452495 0.042666666666666665 0.0 0.3323864
1 0.5217391304347826 0.496 0.01288244766505636 0.037333333333333336 0.0 0.5089286
1 0.5611916264090178 0.48933333333333334 0.0322061191626409 0.04 0.0 0.4416667
1 0.5603864734299517 0.4826666666666667 0.028985507246376812 0.048 0.0 0.08179013
1 0.4673913043478261 0.5066666666666667 0.012077294685990338 0.037333333333333336 0.0 0.3666667
1 0.463365539452496 0.512 0.013687600644122383 0.037333333333333336 0.0 0.5714286
1 0.5563607085346216 0.4866666666666667 0.027375201288244767 0.04 0.0 0.01764706
1 0.4714170692431562 0.5053333333333333 0.010466988727858293 0.029333333333333333 0.0 0.2167832
1 0.47342995169082125 0.504 0.00966183574879227 0.02666666666666667 0.0 0.1416667
1 0.4746376811594203 0.504 0.008856682769726247 0.02666666666666667 0.0 0.06363636
1 0.4758454106280193 0.5026666666666667 0.00966183574879227 0.024 0.0 0.2037037
1 0.5487117552334944 0.484 0.020128824476650563 0.029333333333333333 0.0 0.09454545
1 0.5479066022544283 0.484 0.013687600644122383 0.029333333333333333 0.0 0.02139037
1 0.5450885668276972 0.484 0.01610305958132045 0.029333333333333333 0.0 0.01363636
1 0.5422705314009661 0.48533333333333334 0.016908212560386472 0.02666666666666667 0.0 0.03333334
1 0.4782608695652174 0.5013333333333333 0.00966183574879227 0.021333333333333333 0.0 0.1770833
1 0.5189210950080515 0.492 0.008856682769726247 0.024 0.0 0.1313131
1 0.5185185185185185 0.492 0.008051529790660225 0.024 0.0 0.07777778
1 0.47946859903381644 0.5 0.007246376811594203 0.024 0.0 0.07407407
1 0.5177133655394525 0.49066666666666664 0.008051529790660225 0.021333333333333333 0.0 0.05
1 0.4810789049919485 0.49866666666666665 0.008856682769726247 0.021333333333333333 0.0 0.2613636
1 0.5165056360708534 0.49066666666666664 0.008856682769726247 0.021333333333333333 0.0 0.1477273
1 0.4826892109500805 0.49733333333333335 0.007246376811594203 0.018666666666666668 0.0 0.07936508
1 0.5148953301127214 0.49066666666666664 0.007246376811594203 0.021333333333333333 0.0 0.1111111
1 0.5148953301127214 0.48933333333333334 0.007246376811594203 0.018666666666666668 0.0 0.01587302
1 0.4834943639291465 0.49733333333333335 0.005636070853462158 0.018666666666666668 0.0 0.08163265
2 0.643719806763285 0.4613333333333333 0.033011272141706925 0.048 0.0 0.4918699
2 0.46859903381642515 0.49733333333333335 0.014492753623188406 0.024 0.0 0.04320988
1 0.1972624798711755 0.5933333333333334 0.04669887278582931 0.072 0.0 0.2835249
1 0.22665056360708535 0.5853333333333334 0.04911433172302738 0.07733333333333334 0.0 0.4516676
1 0.25925925925925924 0.576 0.043478260869565216 0.07466666666666667 0.0 0.07936508
