1 0.9170692431561996 0.7333333333333333 0.1642512077294686 0.528 0.989904 0.1087839
1 0.7544283413848631 0.7306666666666667 0.25442834138486314 0.496 0.0 0.5687015
1 0.6276167471819646 0.5986666666666667 0.09259259259259259 0.23733333333333334 0.0 0.5910112
1 0.30152979066022545 0.6293333333333333 0.09259259259259259 0.19733333333333333 0.0 0.5592244
1 0.41223832528180354 0.5453333333333333 0.030595813204508857 0.07733333333333334 0.0 0.5526316
1 0.5406602254428341 0.5106666666666667 0.02818035426731079 0.072 0.0 0.4899471
1 0.42391304347826086 0.5386666666666666 0.02818035426731079 0.064 0.0 0.3547619
1 0.4388083735909823 0.5213333333333333 0.024154589371980676 0.06666666666666667 0.0 0.4933333
1 0.44524959742351045 0.5186666666666667 0.020933977455716585 0.056 0.0 0.1776557
1 0.45491143317230276 0.5146666666666667 0.017713365539452495 0.042666666666666665 0.0 0.2727273
1 0.5245571658615137 0.492 0.012077294685990338 0.034666666666666665 0.0 0.7128205
1 0.5632045088566827 0.48533333333333334 0.03140096618357488 0.037333333333333336 0.0 0.4358974
1 0.5619967793880838 0.48 0.028985507246376812 0.048 0.0 0.07407407
1 0.4714170692431562 0.5026666666666667 0.012077294685990338 0.034666666666666665 0.0 0.374359
1 0.4677938808373591 0.508 0.01288244766505636 0.034666666666666665 0.0 0.5817308
1 0.5579710144927537 0.4826666666666667 0.02576489533011272 0.037333333333333336 0.0 0.01116071
1 0.4746376811594203 0.5 0.010466988727858293 0.029333333333333333 0.0 0.1468531
1 0.47665056360708535 0.5013333333333333 0.00966183574879227 0.02666666666666667 0.0 0.125
1 0.4774557165861514 0.5 0.008051529790660225 0.024 0.0 0.08888889
1 0.4786634460547504 0.49866666666666665 0.008856682769726247 0.021333333333333333 0.0 0.1931818
1 0.5499194847020934 0.48133333333333334 0.01932367149758454 0.029333333333333333 0.0 0.09090909
1 0.5487117552334944 0.48133333333333334 0.013687600644122383 0.029333333333333333 0.0 0.01069519
1 0.5466988727858293 0.48133333333333334 0.01610305958132045 0.029333333333333333 0.0 0.05454545
1 0.5430756843800322 0.4826666666666667 0.016908212560386472 0.02666666666666667 0.0 0.02857143
1 0.48027375201288247 0.49733333333333335 0.008856682769726247 0.024 0.0 0.1414141
1 0.5213365539452496 0.48933333333333334 0.008856682769726247 0.024 0.0 0.1717172
1 0.5201288244766505 0.4866666666666667 0.008051529790660225 0.024 0.0 0.1444445
1 0.48188405797101447 0.496 0.007246376811594203 0.021333333333333333 0.0 0.06944445
1 0.5193236714975845 0.488 0.008051529790660225 0.021333333333333333 0.0 0.0625
1 0.4830917874396135 0.496 0.008051529790660225 0.021333333333333333 0.0 0.2625
1 0.5181159420289855 0.4866666666666667 0.008856682769726247 0.018666666666666668 0.0 0.1818182
1 0.48429951690821255 0.49333333333333335 0.007246376811594203 0.021333333333333333 0.0 0.04166667
1 0.5165056360708534 0.4866666666666667 0.007246376811594203 0.018666666666666668 0.0 0.1111111
1 0.5157004830917874 0.4866666666666667 0.007246376811594203 0.018666666666666668 0.0 0.01587302
1 0.4851046698872786 0.49333333333333335 0.005636070853462158 0.016 0.0 0.0952381
2 0.643317230273752 0.45866666666666667 0.0322061191626409 0.048 0.0 0.4722222
2 0.47020933977455714 0.49333333333333335 0.014492753623188406 0.021333333333333333 0.0 0.03472222
1 0.2459742351046699 0.5746666666666667 0.04589371980676329 0.072 0.0 0.2904483
1 0.27697262479871176 0.568 0.040257648953301126 0.06933333333333333 0.0 0.3438461
