1 0.7580515297906603 0.74 0.30193236714975846 0.5146666666666667 0.009675145 0.6673713
1 0.6147342995169082 0.612 0.09742351046698873 0.264 0.0 0.5716671
1 0.2689210950080515 0.6426666666666667 0.10628019323671498 0.21333333333333335 0.0 0.5450758
1 0.40177133655394526 0.5493333333333333 0.0322061191626409 0.08 0.0 0.5525
1 0.534621578099839 0.512 0.028985507246376812 0.07466666666666667 0.0 0.4742064
1 0.41545893719806765 0.5426666666666666 0.028985507246376812 0.06666666666666667 0.0 0.3755555
1 0.43196457326892107 0.5253333333333333 0.0249597423510467 0.06933333333333333 0.0 0.5223325
1 0.4388083735909823 0.5213333333333333 0.02254428341384863 0.056 0.0 0.1972789
1 0.4500805152979066 0.5173333333333333 0.017713365539452495 0.042666666666666665 0.0 0.3267045
1 0.5213365539452496 0.49466666666666664 0.012077294685990338 0.034666666666666665 0.0 0.5794872
1 0.5603864734299517 0.4866666666666667 0.0322061191626409 0.04 0.0 0.4316667
1 0.5595813204508857 0.4826666666666667 0.028985507246376812 0.048 0.0 0.07561728
1 0.46819645732689213 0.5053333333333333 0.012077294685990338 0.034666666666666665 0.0 0.3897436
1 0.463768115942029 0.5106666666666667 0.01288244766505636 0.034666666666666665 0.0 0.6105769
1 0.5555555555555556 0.484 0.027375201288244767 0.04 0.0 0.01568628
1 0.4714170692431562 0.5026666666666667 0.010466988727858293 0.029333333333333333 0.0 0.1958042
1 0.47342995169082125 0.5026666666666667 0.00966183574879227 0.024 0.0 0.1574074
1 0.4750402576489533 0.5013333333333333 0.008051529790660225 0.02666666666666667 0.0 0.07
1 0.47624798711755234 0.5 0.008856682769726247 0.024 0.0 0.1818182
1 0.5483091787439613 0.4826666666666667 0.01932367149758454 0.032 0.0 0.09722222
1 0.5471014492753623 0.48133333333333334 0.013687600644122383 0.029333333333333333 0.0 0.04278075
1 0.5442834138486312 0.4826666666666667 0.01610305958132045 0.02666666666666667 0.0 0.035
1 0.5414653784219001 0.4826666666666667 0.016908212560386472 0.02666666666666667 0.0 0.02380952
1 0.4782608695652174 0.49866666666666665 0.00966183574879227 0.021333333333333333 0.0 0.1666667
1 0.5189210950080515 0.48933333333333334 0.008856682769726247 0.024 0.0 0.1010101
1 0.5181159420289855 0.48933333333333334 0.008856682769726247 0.024 0.0 0.09090909
1 0.47946859903381644 0.49866666666666665 0.007246376811594203 0.021333333333333333 0.0 0.125
1 0.5173107890499195 0.488 0.008856682769726247 0.021333333333333333 0.0 0.03409091
1 0.4810789049919485 0.496 0.008856682769726247 0.021333333333333333 0.0 0.1931818
1 0.5161030595813204 0.488 0.008051529790660225 0.021333333333333333 0.0 0.1375
1 0.4822866344605475 0.49466666666666664 0.00644122383252818 0.018666666666666668 0.0 0.125
1 0.5144927536231884 0.488 0.008051529790660225 0.021333333333333333 0.0 0.1125
1 0.4834943639291465 0.49466666666666664 0.005636070853462158 0.018666666666666668 0.0 0.08163265
2 0.6417069243156199 0.45866666666666667 0.0322061191626409 0.048 0.0 0.5152778
2 0.46859903381642515 0.49466666666666664 0.014492753623188406 0.024 0.0 0.04320988
1 0.2041062801932367 0.5893333333333334 0.04428341384863124 0.06933333333333333 0.0 0.1048951
1 0.23309178743961353 0.5813333333333334 0.04750402576489533 0.07466666666666667 0.0 0.5302663
1 0.2644927536231884 0.5733333333333334 0.0426731078904992 0.07466666666666667 0.0 0.1179245
