1 0.822866344605475 0.744 0.3526570048309179 0.5066666666666667 0.3604535 0.7647321
1 0.6413043478260869 0.648 0.12640901771336555 0.3253333333333333 0.0 0.6363162
1 0.23510466988727857 0.6693333333333333 0.1288244766505636 0.25066666666666665 0.0 0.5323138
1 0.3965378421900161 0.556 0.03462157809983897 0.08266666666666667 0.0 0.5648912
1 0.5366344605475041 0.5186666666666667 0.029790660225442835 0.07733333333333334 0.0 0.5079217
1 0.4114331723027375 0.548 0.030595813204508857 0.072 0.0 0.377193
1 0.42914653784219003 0.5293333333333333 0.02576489533011272 0.072 0.0 0.5428241
1 0.4367954911433172 0.528 0.023349436392914653 0.058666666666666666 0.0 0.1943574
1 0.44887278582930756 0.5213333333333333 0.018518518518518517 0.04533333333333334 0.0 0.3222506
1 0.5225442834138486 0.49733333333333335 0.01288244766505636 0.034666666666666665 0.0 0.6009616
1 0.5619967793880838 0.49066666666666664 0.0322061191626409 0.042666666666666665 0.0 0.40625
1 0.5611916264090178 0.48533333333333334 0.028985507246376812 0.048 0.0 0.08796296
1 0.4673913043478261 0.508 0.012077294685990338 0.034666666666666665 0.0 0.4153846
1 0.46296296296296297 0.5146666666666667 0.01288244766505636 0.037333333333333336 0.0 0.6160714
1 0.5571658615136876 0.488 0.027375201288244767 0.037333333333333336 0.0 0.01260504
1 0.47101449275362317 0.5066666666666667 0.011272141706924315 0.032 0.0 0.1904762
1 0.47342995169082125 0.5066666666666667 0.00966183574879227 0.02666666666666667 0.0 0.125
1 0.4746376811594203 0.5053333333333333 0.008856682769726247 0.024 0.0 0.08080808
1 0.4758454106280193 0.5053333333333333 0.00966183574879227 0.024 0.0 0.2037037
1 0.5491143317230274 0.4866666666666667 0.01932367149758454 0.029333333333333333 0.0 0.1060606
1 0.5483091787439613 0.48533333333333334 0.014492753623188406 0.032 0.0 0.01388889
1 0.5454911433172303 0.4866666666666667 0.016908212560386472 0.029333333333333333 0.0 0.01731602
1 0.5422705314009661 0.488 0.016908212560386472 0.02666666666666667 0.0 0.02857143
1 0.4782608695652174 0.5026666666666667 0.00966183574879227 0.024 0.0 0.1481481
1 0.5197262479871175 0.49466666666666664 0.008856682769726247 0.024 0.0 0.1010101
1 0.5185185185185185 0.492 0.008051529790660225 0.024 0.0 0.1444445
1 0.47946859903381644 0.5013333333333333 0.007246376811594203 0.021333333333333333 0.0 0.1111111
1 0.5181159420289855 0.49333333333333335 0.008856682769726247 0.021333333333333333 0.0 0.03409091
1 0.4810789049919485 0.5013333333333333 0.008856682769726247 0.021333333333333333 0.0 0.25
1 0.5165056360708534 0.49333333333333335 0.008856682769726247 0.021333333333333333 0.0 0.1477273
1 0.4826892109500805 0.49866666666666665 0.007246376811594203 0.021333333333333333 0.0 0.06944445
1 0.5148953301127214 0.492 0.007246376811594203 0.018666666666666668 0.0 0.1269841
1 0.5148953301127214 0.492 0.007246376811594203 0.018666666666666668 0.0 0.01587302
1 0.4834943639291465 0.49866666666666665 0.005636070853462158 0.016 0.0 0.1190476
2 0.645330112721417 0.46266666666666667 0.033011272141706925 0.050666666666666665 0.0 0.4428755
2 0.46859903381642515 0.49866666666666665 0.014492753623188406 0.021333333333333333 0.0 0.03472222
1 0.15821256038647344 0.6026666666666667 0.05394524959742351 0.07466666666666667 0.0 0.02878465
1 0.19001610305958133 0.596 0.04830917874396135 0.072 0.0 0.4370371
1 0.22020933977455717 0.588 0.050724637681159424 0.07733333333333334 0.0 0.3513957
1 0.2536231884057971 0.58 0.04508856682769726 0.07733333333333334 0.0 0.08128079
