1 0.8482286634460547 0.7213333333333334 0.30193236714975846 0.552 0.7197622 0.694132
1 0.6896135265700483 0.6666666666666666 0.17310789049919484 0.35733333333333334 0.0 0.5337383
1 0.6090982286634461 0.5853333333333334 0.07648953301127215 0.2 0.0 0.5323509
1 0.32407407407407407 0.6173333333333333 0.07971014492753623 0.17333333333333334 0.0 0.5600622
1 0.4166666666666667 0.548 0.02818035426731079 0.072 0.0 0.5671958
1 0.538647342995169 0.5146666666666667 0.027375201288244767 0.06933333333333333 0.0 0.4807692
1 0.427536231884058 0.5413333333333333 0.02576489533011272 0.064 0.0 0.3450521
1 0.44122383252818037 0.5253333333333333 0.02254428341384863 0.064 0.0 0.5059524
1 0.4468599033816425 0.5226666666666666 0.020933977455716585 0.05333333333333334 0.0 0.1557692
1 0.4561191626409018 0.52 0.016908212560386472 0.042666666666666665 0.0 0.2767857
1 0.5237520128824477 0.49733333333333335 0.012077294685990338 0.034666666666666665 0.0 0.6205128
1 0.5611916264090178 0.49066666666666664 0.030595813204508857 0.037333333333333336 0.0 0.4360902
1 0.5603864734299517 0.4866666666666667 0.027375201288244767 0.04533333333333334 0.0 0.08304498
1 0.4718196457326892 0.508 0.011272141706924315 0.034666666666666665 0.0 0.3516484
1 0.46819645732689213 0.5133333333333333 0.012077294685990338 0.034666666666666665 0.0 0.5897436
1 0.5563607085346216 0.488 0.02576489533011272 0.037333333333333336 0.0 0.008928572
1 0.4750402576489533 0.5053333333333333 0.00966183574879227 0.029333333333333333 0.0 0.1818182
1 0.47665056360708535 0.5053333333333333 0.00966183574879227 0.024 0.0 0.1296296
1 0.4778582930756844 0.5053333333333333 0.008856682769726247 0.024 0.0 0.06060606
1 0.4786634460547504 0.504 0.008856682769726247 0.021333333333333333 0.0 0.1818182
1 0.5487117552334944 0.4866666666666667 0.018518518518518517 0.029333333333333333 0.0 0.1027668
1 0.5479066022544283 0.4866666666666667 0.013687600644122383 0.029333333333333333 0.0 0.01604278
1 0.5454911433172303 0.4866666666666667 0.015297906602254429 0.029333333333333333 0.0 0.03827751
1 0.6328502415458938 0.4693333333333333 0.02576489533011272 0.037333333333333336 0.0 0.002232143
1 0.5426731078904992 0.488 0.01610305958132045 0.02666666666666667 0.0 0.03
1 0.4810789049919485 0.5026666666666667 0.008856682769726247 0.024 0.0 0.1616162
1 0.5205314009661836 0.49466666666666664 0.008856682769726247 0.024 0.0 0.1515152
1 0.5193236714975845 0.492 0.008051529790660225 0.024 0.0 0.08888889
1 0.48188405797101447 0.5013333333333333 0.007246376811594203 0.021333333333333333 0.0 0.06944445
1 0.5185185185185185 0.49333333333333335 0.008051529790660225 0.021333333333333333 0.0 0.05
1 0.4830917874396135 0.5 0.008051529790660225 0.018666666666666668 0.0 0.2714286
1 0.5177133655394525 0.492 0.008051529790660225 0.018666666666666668 0.0 0.1857143
1 0.48429951690821255 0.49866666666666665 0.007246376811594203 0.021333333333333333 0.0 0.04166667
1 0.5157004830917874 0.492 0.007246376811594203 0.018666666666666668 0.0 0.1269841
1 0.5157004830917874 0.492 0.007246376811594203 0.018666666666666668 0.0 0.03174603
1 0.4851046698872786 0.49866666666666665 0.005636070853462158 0.016 0.0 0.0952381
2 0.6396940418679549 0.4653333333333333 0.03140096618357488 0.04533333333333334 0.0 0.3966818
2 0.47061191626409016 0.49866666666666665 0.013687600644122383 0.021333333333333333 0.0 0.03676471
1 0.286634460547504 0.5693333333333334 0.037037037037037035 0.06666666666666667 0.0 0.2608696
