1 0.8333333333333334 0.7426666666666667 0.33172302737520126 0.5093333333333333 0.1759829 0.7754664
1 0.6537842190016103 0.628 0.11755233494363929 0.2906666666666667 0.0 0.6396883
1 0.2725442834138486 0.656 0.11191626409017713 0.22933333333333333 0.0 0.5473481
1 0.40700483091787437 0.5533333333333333 0.033011272141706925 0.08266666666666667 0.0 0.5444532
1 0.5430756843800322 0.516 0.029790660225442835 0.07733333333333334 0.0 0.4864865
1 0.42028985507246375 0.5453333333333333 0.028985507246376812 0.06666666666666667 0.0 0.3855556
1 0.4363929146537842 0.528 0.02576489533011272 0.06933333333333333 0.0 0.5060096
1 0.44323671497584544 0.5253333333333333 0.021739130434782608 0.058666666666666666 0.0 0.1750842
1 0.4537037037037037 0.52 0.018518518518518517 0.042666666666666665 0.0 0.3070652
1 0.5249597423510467 0.496 0.01288244766505636 0.037333333333333336 0.0 0.6294643
1 0.5652173913043478 0.48933333333333334 0.0322061191626409 0.04 0.0 0.4083333
1 0.5636070853462157 0.4826666666666667 0.028985507246376812 0.048 0.0 0.08333334
1 0.47101449275362317 0.5066666666666667 0.011272141706924315 0.037333333333333336 0.0 0.372449
1 0.4669887278582931 0.512 0.01288244766505636 0.037333333333333336 0.0 0.5803571
1 0.5595813204508857 0.4866666666666667 0.027375201288244767 0.04 0.0 0.009803922
1 0.4742351046698873 0.5053333333333333 0.011272141706924315 0.029333333333333333 0.0 0.1623377
1 0.47624798711755234 0.504 0.010466988727858293 0.02666666666666667 0.0 0.1307692
1 0.4774557165861514 0.504 0.008051529790660225 0.02666666666666667 0.0 0.07
1 0.4786634460547504 0.5026666666666667 0.008856682769726247 0.024 0.0 0.2020202
1 0.5511272141706924 0.484 0.020128824476650563 0.029333333333333333 0.0 0.09454545
1 0.5503220611916264 0.484 0.013687600644122383 0.029333333333333333 0.0 0.02139037
1 0.5475040257648953 0.484 0.01610305958132045 0.029333333333333333 0.0 0.07727273
1 0.5446859903381642 0.48533333333333334 0.016908212560386472 0.02666666666666667 0.0 0.02857143
1 0.4806763285024155 0.5013333333333333 0.00966183574879227 0.021333333333333333 0.0 0.1666667
1 0.5217391304347826 0.492 0.00966183574879227 0.024 0.0 0.2037037
1 0.5209339774557166 0.492 0.008051529790660225 0.024 0.0 0.08888889
1 0.48148148148148145 0.5 0.008051529790660225 0.024 0.0 0.05555556
1 0.5197262479871175 0.49066666666666664 0.008856682769726247 0.021333333333333333 0.0 0.06818182
1 0.4830917874396135 0.49866666666666665 0.008051529790660225 0.021333333333333333 0.0 0.25
1 0.5185185185185185 0.49066666666666664 0.008051529790660225 0.021333333333333333 0.0 0.1625
1 0.48429951690821255 0.49733333333333335 0.007246376811594203 0.018666666666666668 0.0 0.07936508
1 0.5169082125603864 0.49066666666666664 0.008051529790660225 0.021333333333333333 0.0 0.0875
1 0.5165056360708534 0.48933333333333334 0.007246376811594203 0.018666666666666668 0.0 0.01587302
1 0.4851046698872786 0.49733333333333335 0.005636070853462158 0.018666666666666668 0.0 0.02040816
2 0.6469404186795491 0.4613333333333333 0.033011272141706925 0.048 0.0 0.4146341
2 0.47020933977455714 0.49733333333333335 0.014492753623188406 0.024 0.0 0.04320988
1 0.2041062801932367 0.5933333333333334 0.04589371980676329 0.072 0.0 0.1007148
1 0.23349436392914655 0.5853333333333334 0.04830917874396135 0.07733333333333334 0.0 0.5350575
1 0.26610305958132047 0.576 0.0426731078904992 0.07466666666666667 0.0 0.1839623
