1 0.8381642512077294 0.716 0.322061191626409 0.5626666666666666 0.831231 0.5162085
1 0.6811594202898551 0.692 0.1932367149758454 0.4186666666666667 0.0 0.5502388
1 0.5970209339774557 0.5893333333333334 0.07971014492753623 0.21866666666666668 0.0 0.4979059
1 0.2962962962962963 0.6213333333333333 0.08856682769726248 0.18666666666666668 0.0 0.5524675
1 0.40660225442834136 0.5453333333333333 0.030595813204508857 0.072 0.0 0.5672514
1 0.533011272141707 0.5106666666666667 0.027375201288244767 0.072 0.0 0.4716776
1 0.4194847020933977 0.5386666666666666 0.027375201288244767 0.064 0.0 0.3627451
1 0.43438003220611915 0.5226666666666666 0.023349436392914653 0.064 0.0 0.5402299
1 0.44122383252818037 0.52 0.020933977455716585 0.05333333333333334 0.0 0.2
1 0.45128824476650564 0.516 0.016908212560386472 0.04 0.0 0.3269841
1 0.5205314009661836 0.49333333333333335 0.012077294685990338 0.032 0.0 0.55
1 0.5587761674718197 0.4866666666666667 0.030595813204508857 0.04 0.0 0.3842105
1 0.5575684380032206 0.48133333333333334 0.02818035426731079 0.04533333333333334 0.0 0.07563026
1 0.46859903381642515 0.5026666666666667 0.011272141706924315 0.034666666666666665 0.0 0.3846154
1 0.464573268921095 0.508 0.01288244766505636 0.034666666666666665 0.0 0.5721154
1 0.5539452495974235 0.48533333333333334 0.02576489533011272 0.037333333333333336 0.0 0.02901786
1 0.4722222222222222 0.5026666666666667 0.010466988727858293 0.029333333333333333 0.0 0.1538462
1 0.4742351046698873 0.5013333333333333 0.00966183574879227 0.02666666666666667 0.0 0.1416667
1 0.4750402576489533 0.5 0.008051529790660225 0.024 0.0 0.08888889
1 0.47624798711755234 0.5 0.008856682769726247 0.024 0.0 0.2020202
1 0.5471014492753623 0.48133333333333334 0.018518518518518517 0.029333333333333333 0.0 0.1106719
1 0.5462962962962963 0.48133333333333334 0.013687600644122383 0.029333333333333333 0.0 0.03743315
1 0.5434782608695652 0.4826666666666667 0.01610305958132045 0.02666666666666667 0.0 0.04
1 0.6312399355877617 0.464 0.02576489533011272 0.037333333333333336 0.0 0.04464286
1 0.5406602254428341 0.4826666666666667 0.016908212560386472 0.02666666666666667 0.0 0.02380952
1 0.4786634460547504 0.49866666666666665 0.008856682769726247 0.021333333333333333 0.0 0.1590909
1 0.5181159420289855 0.48933333333333334 0.008856682769726247 0.024 0.0 0.08080808
1 0.5177133655394525 0.48933333333333334 0.008051529790660225 0.024 0.0 0.1
1 0.47946859903381644 0.49733333333333335 0.007246376811594203 0.024 0.0 0.07407407
1 0.5169082125603864 0.488 0.008051529790660225 0.021333333333333333 0.0 0.0375
1 0.4810789049919485 0.496 0.008856682769726247 0.021333333333333333 0.0 0.2272727
1 0.5157004830917874 0.488 0.008856682769726247 0.021333333333333333 0.0 0.1363636
1 0.4822866344605475 0.49466666666666664 0.00644122383252818 0.018666666666666668 0.0 0.1071429
1 0.5140901771336553 0.488 0.007246376811594203 0.021333333333333333 0.0 0.09722222
1 0.4834943639291465 0.49466666666666664 0.005636070853462158 0.018666666666666668 0.0 0.08163265
2 0.6380837359098228 0.4613333333333333 0.03140096618357488 0.048 0.0 0.3646724
2 0.46859903381642515 0.49333333333333335 0.014492753623188406 0.021333333333333333 0.0 0.05555556
1 0.24516908212560387 0.5746666666666667 0.04428341384863124 0.072 0.0 0.3057239
1 0.2749597423510467 0.568 0.039452495974235106 0.06933333333333333 0.0 0.3037677
