1 0.8321256038647343 0.7253333333333334 0.33413848631239934 0.544 0.5049018 0.8251358
1 0.6698872785829307 0.652 0.1497584541062802 0.31733333333333336 0.0 0.4917774
1 0.6026570048309179 0.5866666666666667 0.07004830917874397 0.18666666666666668 0.0 0.5087028
1 0.3333333333333333 0.6173333333333333 0.07407407407407407 0.16266666666666665 0.0 0.5696721
1 0.4190821256038647 0.5546666666666666 0.02818035426731079 0.06933333333333333 0.0 0.5571429
1 0.537842190016103 0.5213333333333333 0.02576489533011272 0.06666666666666667 0.0 0.50375
1 0.42914653784219003 0.548 0.02576489533011272 0.06133333333333333 0.0 0.3396739
1 0.4424315619967794 0.5333333333333333 0.021739130434782608 0.064 0.0 0.5
1 0.44806763285024154 0.5306666666666666 0.020128824476650563 0.05333333333333334 0.0 0.156
1 0.45692431561996777 0.5266666666666666 0.016908212560386472 0.04 0.0 0.2857143
1 0.5237520128824477 0.5053333333333333 0.012077294685990338 0.034666666666666665 0.0 0.6
1 0.5607890499194848 0.49866666666666665 0.029790660225442835 0.037333333333333336 0.0 0.4247104
1 0.5595813204508857 0.49466666666666664 0.027375201288244767 0.04533333333333334 0.0 0.07439446
1 0.4726247987117552 0.516 0.011272141706924315 0.034666666666666665 0.0 0.3461539
1 0.4690016103059581 0.52 0.012077294685990338 0.032 0.0 0.5944445
1 0.5559581320450886 0.496 0.0249597423510467 0.037333333333333336 0.0 0.01612903
1 0.4754428341384863 0.5133333333333333 0.010466988727858293 0.029333333333333333 0.0 0.1678322
1 0.47705314009661837 0.5133333333333333 0.008856682769726247 0.024 0.0 0.1313131
1 0.4782608695652174 0.5133333333333333 0.008051529790660225 0.024 0.0 0.1
1 0.47906602254428343 0.512 0.008051529790660225 0.021333333333333333 0.0 0.15
1 0.5487117552334944 0.49466666666666664 0.018518518518518517 0.029333333333333333 0.0 0.09881423
1 0.5479066022544283 0.49333333333333335 0.013687600644122383 0.02666666666666667 0.0 0.01764706
1 0.5450885668276972 0.49466666666666664 0.01610305958132045 0.029333333333333333 0.0 0.03181818
1 0.6312399355877617 0.47733333333333333 0.02576489533011272 0.037333333333333336 0.0 0.03571429
1 0.5422705314009661 0.496 0.016908212560386472 0.02666666666666667 0.0 0.02857143
1 0.4810789049919485 0.5106666666666667 0.008856682769726247 0.024 0.0 0.1717172
1 0.5205314009661836 0.5013333333333333 0.008856682769726247 0.021333333333333333 0.0 0.1818182
1 0.5193236714975845 0.5 0.008051529790660225 0.024 0.0 0.07777778
1 0.48188405797101447 0.5093333333333333 0.007246376811594203 0.021333333333333333 0.0 0.06944445
1 0.5185185185185185 0.5013333333333333 0.008051529790660225 0.021333333333333333 0.0 0.05
1 0.4830917874396135 0.508 0.008051529790660225 0.018666666666666668 0.0 0.2714286
1 0.5177133655394525 0.5 0.008051529790660225 0.018666666666666668 0.0 0.1857143
1 0.48470209339774556 0.5066666666666667 0.00644122383252818 0.021333333333333333 0.0 0.0625
1 0.5157004830917874 0.5 0.007246376811594203 0.018666666666666668 0.0 0.1269841
1 0.5157004830917874 0.5 0.007246376811594203 0.018666666666666668 0.0 0.03174603
1 0.4851046698872786 0.5066666666666667 0.005636070853462158 0.016 0.0 0.04761905
2 0.6380837359098228 0.47333333333333333 0.03140096618357488 0.04533333333333334 0.0 0.3936652
2 0.47061191626409016 0.5066666666666667 0.013687600644122383 0.021333333333333333 0.0 0.03676471
1 0.29106280193236717 0.5773333333333334 0.036231884057971016 0.06666666666666667 0.0 0.1324444
