1 0.7797906602254429 0.7213333333333334 0.38405797101449274 0.552 0.03842348 0.7191789
1 0.6151368760064412 0.6226666666666667 0.10950080515297907 0.25333333333333335 0.0 0.2952012
1 0.5740740740740741 0.5746666666666667 0.057971014492753624 0.16266666666666665 0.0 0.4005009
1 0.3365539452495974 0.6093333333333333 0.06602254428341385 0.14666666666666667 0.0 0.5738359
1 0.41626409017713367 0.5533333333333333 0.027375201288244767 0.06666666666666667 0.0 0.5470588
1 0.5301932367149759 0.5226666666666666 0.0249597423510467 0.064 0.0 0.4677419
1 0.42632850241545894 0.548 0.0249597423510467 0.056 0.0 0.3609831
1 0.4392109500805153 0.5346666666666666 0.021739130434782608 0.06133333333333333 0.0 0.4975846
1 0.44524959742351045 0.532 0.01932367149758454 0.050666666666666665 0.0 0.1798246
1 0.45410628019323673 0.5293333333333333 0.01610305958132045 0.04 0.0 0.29
1 0.5201288244766505 0.5066666666666667 0.011272141706924315 0.032 0.0 0.5178571
1 0.5559581320450886 0.49866666666666665 0.029790660225442835 0.037333333333333336 0.0 0.2567568
1 0.5551529790660226 0.49466666666666664 0.026570048309178744 0.04533333333333334 0.0 0.06773619
1 0.47020933977455714 0.5173333333333333 0.011272141706924315 0.032 0.0 0.3928571
1 0.4665861513687601 0.5226666666666666 0.012077294685990338 0.032 0.0 0.5833333
1 0.5519323671497585 0.49733333333333335 0.0249597423510467 0.034666666666666665 0.0 0.03473945
1 0.47302737520128824 0.516 0.010466988727858293 0.029333333333333333 0.0 0.1398601
1 0.4750402576489533 0.516 0.00966183574879227 0.024 0.0 0.1388889
1 0.4758454106280193 0.5133333333333333 0.008051529790660225 0.024 0.0 0.07777778
1 0.47705314009661837 0.5133333333333333 0.008856682769726247 0.024 0.0 0.1616162
1 0.5454911433172303 0.496 0.018518518518518517 0.02666666666666667 0.0 0.1434783
1 0.5442834138486312 0.49466666666666664 0.01288244766505636 0.029333333333333333 0.0 0.01136364
1 0.5422705314009661 0.496 0.015297906602254429 0.02666666666666667 0.0 0.05789474
1 0.6260064412238325 0.47733333333333333 0.0249597423510467 0.037333333333333336 0.0 0.07373272
1 0.6223832528180354 0.48 0.02576489533011272 0.032 0.0 0.08854166
1 0.6078904991948471 0.48133333333333334 0.020933977455716585 0.029333333333333333 0.0 0.003496503
1 0.5394524959742351 0.49733333333333335 0.01610305958132045 0.024 0.0 0.01111111
1 0.47906602254428343 0.512 0.008051529790660225 0.021333333333333333 0.0 0.175
1 0.5177133655394525 0.5026666666666667 0.008051529790660225 0.024 0.0 0.07777778
1 0.5169082125603864 0.5026666666666667 0.008051529790660225 0.024 0.0 0.08888889
1 0.48027375201288247 0.512 0.007246376811594203 0.021333333333333333 0.0 0.09722222
1 0.5161030595813204 0.5013333333333333 0.008051529790660225 0.021333333333333333 0.0 0.05
1 0.48148148148148145 0.5093333333333333 0.008051529790660225 0.021333333333333333 0.0 0.2125
1 0.5152979066022544 0.5026666666666667 0.008051529790660225 0.018666666666666668 0.0 0.1571429
1 0.4830917874396135 0.508 0.00644122383252818 0.018666666666666668 1.0 0.125
1 0.5140901771336553 0.5013333333333333 0.007246376811594203 0.021333333333333333 1.0 0.1111111
1 0.48389694041867953 0.508 0.004830917874396135 0.018666666666666668 1.0 0.02380952
2 0.6320450885668277 0.47333333333333333 0.030595813204508857 0.04533333333333334 0.0 0.2554179
2 0.46980676328502413 0.508 0.013687600644122383 0.024 1.0 0.03267974
1 0.2942834138486312 0.576 0.03462157809983897 0.064 0.0 0.1618217
