1 0.8192431561996779 0.7173333333333334 0.35990338164251207 0.56 0.6517156 0.7772132
1 0.6570048309178744 0.6666666666666666 0.1610305958132045 0.35733333333333334 0.0 0.501903
1 0.5893719806763285 0.5853333333333334 0.07246376811594203 0.2 0.0 0.4700741
1 0.30877616747181963 0.6173333333333333 0.08132045088566828 0.17333333333333334 0.0 0.5629855
1 0.40942028985507245 0.548 0.029790660225442835 0.072 0.0 0.5475475
1 0.5318035426731079 0.5146666666666667 0.026570048309178744 0.06933333333333333 0.0 0.481352
1 0.4210950080515298 0.5413333333333333 0.02576489533011272 0.064 0.0 0.3658854
1 0.4359903381642512 0.5253333333333333 0.023349436392914653 0.064 0.0 0.5043104
1 0.4420289855072464 0.5226666666666666 0.020933977455716585 0.05333333333333334 0.0 0.1903846
1 0.45209339774557167 0.52 0.016908212560386472 0.042666666666666665 0.0 0.297619
1 0.5205314009661836 0.49733333333333335 0.012077294685990338 0.034666666666666665 0.0 0.4871795
1 0.5579710144927537 0.49066666666666664 0.030595813204508857 0.037333333333333336 0.0 0.3590226
1 0.5571658615136876 0.4866666666666667 0.027375201288244767 0.04533333333333334 0.0 0.08131488
1 0.46859903381642515 0.508 0.011272141706924315 0.034666666666666665 0.0 0.3681319
1 0.46497584541062803 0.5133333333333333 0.012077294685990338 0.034666666666666665 0.0 0.6102564
1 0.5531400966183575 0.488 0.02576489533011272 0.037333333333333336 0.0 0.02901786
1 0.4722222222222222 0.5053333333333333 0.010466988727858293 0.029333333333333333 0.0 0.1818182
1 0.4742351046698873 0.5053333333333333 0.00966183574879227 0.024 0.0 0.1388889
1 0.4750402576489533 0.5053333333333333 0.008051529790660225 0.024 0.0 0.1
1 0.47624798711755234 0.504 0.008856682769726247 0.021333333333333333 0.0 0.1931818
1 0.5462962962962963 0.4866666666666667 0.018518518518518517 0.029333333333333333 0.0 0.1185771
1 0.5454911433172303 0.4866666666666667 0.013687600644122383 0.029333333333333333 0.0 0.01604278
1 0.5430756843800322 0.4866666666666667 0.015297906602254429 0.029333333333333333 0.0 0.0430622
1 0.6296296296296297 0.4693333333333333 0.02576489533011272 0.037333333333333336 0.0 0.006696429
1 0.5402576489533011 0.488 0.01610305958132045 0.02666666666666667 0.0 0.01
1 0.4786634460547504 0.5026666666666667 0.008856682769726247 0.024 0.0 0.1515152
1 0.5181159420289855 0.49466666666666664 0.008856682769726247 0.024 0.0 0.08080808
1 0.5173107890499195 0.492 0.007246376811594203 0.024 0.0 0.07407407
1 0.47946859903381644 0.5013333333333333 0.007246376811594203 0.021333333333333333 0.0 0.08333334
1 0.5169082125603864 0.49333333333333335 0.008051529790660225 0.021333333333333333 0.0 0.075
1 0.4810789049919485 0.5 0.008856682769726247 0.018666666666666668 0.0 0.2727273
1 0.5152979066022544 0.492 0.008051529790660225 0.018666666666666668 0.0 0.1857143
1 0.4822866344605475 0.49866666666666665 0.00644122383252818 0.021333333333333333 0.0 0.078125
1 0.5140901771336553 0.492 0.007246376811594203 0.018666666666666668 0.0 0.1111111
1 0.5140901771336553 0.492 0.007246376811594203 0.018666666666666668 0.0 0.01587302
1 0.4834943639291465 0.49866666666666665 0.005636070853462158 0.016 0.0 0.0952381
2 0.6364734299516909 0.4653333333333333 0.03140096618357488 0.04533333333333334 0.0 0.4690799
2 0.4690016103059581 0.49866666666666665 0.013687600644122383 0.021333333333333333 0.0 0.03676471
1 0.250805152979066 0.576 0.0426731078904992 0.06933333333333333 0.0 0.08127721
1 0.2805958132045089 0.5693333333333334 0.03784219001610306 0.06666666666666667 0.0 0.3668085
