1 0.8731884057971014 0.7453333333333333 0.25201288244766507 0.504 0.7767462 0.5008029
1 0.6964573268921095 0.6733333333333333 0.1610305958132045 0.376 0.0 0.6645036
1 0.23429951690821257 0.6866666666666666 0.14009661835748793 0.27466666666666667 0.0 0.5321392
1 0.40177133655394526 0.56 0.03542673107890499 0.08533333333333333 0.0 0.5660511
1 0.5458937198067633 0.52 0.0322061191626409 0.08 0.0 0.4941667
1 0.4166666666666667 0.5506666666666666 0.03140096618357488 0.072 0.0 0.3760684
1 0.43397745571658614 0.532 0.02576489533011272 0.072 0.0 0.5497685
1 0.44122383252818037 0.528 0.02254428341384863 0.058666666666666666 0.0 0.1899351
1 0.4528985507246377 0.524 0.018518518518518517 0.04533333333333334 0.0 0.314578
1 0.5261674718196457 0.49866666666666665 0.013687600644122383 0.037333333333333336 0.0 0.6344538
1 0.5672302737520128 0.492 0.033011272141706925 0.04 0.0 0.4097561
1 0.5656199677938808 0.4866666666666667 0.029790660225442835 0.050666666666666665 0.0 0.07539118
1 0.47061191626409016 0.5093333333333333 0.012077294685990338 0.037333333333333336 0.0 0.3428572
1 0.4665861513687601 0.5146666666666667 0.013687600644122383 0.037333333333333336 0.0 0.5882353
1 0.5611916264090178 0.48933333333333334 0.027375201288244767 0.04 0.0 0.01176471
1 0.4742351046698873 0.508 0.011272141706924315 0.029333333333333333 0.0 0.1623377
1 0.47624798711755234 0.5066666666666667 0.010466988727858293 0.02666666666666667 0.0 0.1307692
1 0.47705314009661837 0.5066666666666667 0.008856682769726247 0.02666666666666667 0.0 0.08181818
1 0.4782608695652174 0.5053333333333333 0.00966183574879227 0.024 0.0 0.1851852
1 0.5527375201288245 0.4866666666666667 0.020128824476650563 0.029333333333333333 0.0 0.1163636
1 0.5515297906602254 0.4866666666666667 0.014492753623188406 0.029333333333333333 0.0 0.02525252
1 0.5487117552334944 0.4866666666666667 0.016908212560386472 0.029333333333333333 0.0 0.07359307
1 0.5454911433172303 0.488 0.016908212560386472 0.02666666666666667 0.0 0.02857143
1 0.4806763285024155 0.5026666666666667 0.00966183574879227 0.024 0.0 0.1481481
1 0.5225442834138486 0.49466666666666664 0.00966183574879227 0.024 0.0 0.2314815
1 0.5213365539452496 0.49333333333333335 0.008856682769726247 0.02666666666666667 0.0 0.08181818
1 0.48148148148148145 0.5026666666666667 0.008051529790660225 0.024 0.0 0.08888889
1 0.5205314009661836 0.49333333333333335 0.008856682769726247 0.021333333333333333 0.0 0.02272727
1 0.4830917874396135 0.5013333333333333 0.008051529790660225 0.021333333333333333 0.0 0.25
1 0.5189210950080515 0.49333333333333335 0.008856682769726247 0.021333333333333333 0.0 0.2045455
1 0.48429951690821255 0.49866666666666665 0.007246376811594203 0.021333333333333333 0.0 0.06944445
1 0.5173107890499195 0.492 0.007246376811594203 0.018666666666666668 0.0 0.1428571
1 0.5173107890499195 0.492 0.007246376811594203 0.018666666666666668 0.0 0.01587302
1 0.4851046698872786 0.5 0.005636070853462158 0.018666666666666668 0.0 0.04081633
2 0.6505636070853462 0.464 0.033816425120772944 0.048 0.0 0.3240741
2 0.47020933977455714 0.49866666666666665 0.014492753623188406 0.021333333333333333 0.0 0.0625
1 0.15619967793880837 0.6066666666666667 0.05475040257648953 0.07733333333333334 0.0 0.07403651
1 0.1892109500805153 0.5986666666666667 0.0499194847020934 0.072 0.0 0.448626
1 0.22020933977455717 0.5906666666666667 0.05233494363929147 0.08266666666666667 0.0 0.364268
1 0.25442834138486314 0.5826666666666667 0.04669887278582931 0.07733333333333334 0.0 0.1189061
