1 0.9082125603864735 0.7546666666666667 0.1819645732689211 0.48533333333333334 0.97027 0.1839687
1 0.7250402576489533 0.7013333333333334 0.19243156199677938 0.432 0.0 0.6635415
1 0.2105475040257649 0.704 0.15861513687600645 0.304 0.0 0.5203936
1 0.39855072463768115 0.56 0.037037037037037035 0.09066666666666667 0.0 0.5460358
1 0.5471014492753623 0.5186666666666667 0.033011272141706925 0.08266666666666667 0.0 0.4925256
1 0.4138486312399356 0.5493333333333333 0.0322061191626409 0.07466666666666667 0.0 0.3892857
1 0.4323671497584541 0.5306666666666666 0.027375201288244767 0.07466666666666667 0.0 0.5241597
1 0.44001610305958133 0.5266666666666666 0.023349436392914653 0.06133333333333333 0.0 0.1934033
1 0.45169082125603865 0.5213333333333333 0.01932367149758454 0.04533333333333334 0.0 0.3210784
1 0.5265700483091788 0.49733333333333335 0.01288244766505636 0.034666666666666665 0.0 0.7740384
1 0.5680354267310789 0.49066666666666664 0.033011272141706925 0.042666666666666665 0.0 0.4009146
1 0.5668276972624798 0.484 0.030595813204508857 0.050666666666666665 0.0 0.07617728
1 0.47020933977455714 0.508 0.01288244766505636 0.034666666666666665 0.0 0.3798077
1 0.46578099838969406 0.5133333333333333 0.013687600644122383 0.034666666666666665 0.0 0.6561086
1 0.5623993558776168 0.4866666666666667 0.02818035426731079 0.04 0.0 0.01142857
1 0.47383252818035426 0.5053333333333333 0.010466988727858293 0.029333333333333333 0.0 0.1818182
1 0.4758454106280193 0.5053333333333333 0.00966183574879227 0.029333333333333333 0.0 0.1363636
1 0.47705314009661837 0.504 0.008856682769726247 0.02666666666666667 0.0 0.08181818
1 0.4782608695652174 0.5026666666666667 0.00966183574879227 0.024 0.0 0.1666667
1 0.5527375201288245 0.48533333333333334 0.020128824476650563 0.032 0.0 0.1233333
1 0.5519323671497585 0.484 0.013687600644122383 0.029333333333333333 0.0 0.02673797
1 0.5487117552334944 0.48533333333333334 0.016908212560386472 0.032 0.0 0.06349207
1 0.5458937198067633 0.4866666666666667 0.017713365539452495 0.029333333333333333 0.0 0.02892562
1 0.48027375201288247 0.5026666666666667 0.008856682769726247 0.024 0.0 0.1414141
1 0.5225442834138486 0.492 0.00966183574879227 0.024 0.0 0.212963
1 0.5213365539452496 0.492 0.008856682769726247 0.024 0.0 0.09090909
1 0.48148148148148145 0.5 0.008051529790660225 0.024 0.0 0.1
1 0.5205314009661836 0.49066666666666664 0.008856682769726247 0.021333333333333333 0.0 0.06818182
1 0.4826892109500805 0.49866666666666665 0.008856682769726247 0.021333333333333333 0.0 0.2613636
1 0.5193236714975845 0.49066666666666664 0.008051529790660225 0.021333333333333333 0.0 0.1625
1 0.48429951690821255 0.49733333333333335 0.007246376811594203 0.018666666666666668 0.0 0.1111111
1 0.5173107890499195 0.49066666666666664 0.007246376811594203 0.021333333333333333 0.0 0.1388889
1 0.5173107890499195 0.49066666666666664 0.007246376811594203 0.021333333333333333 0.0 0.01388889
1 0.4851046698872786 0.49733333333333335 0.005636070853462158 0.018666666666666668 0.0 0.02040816
2 0.6525764895330113 0.46266666666666667 0.03462157809983897 0.050666666666666665 0.0 0.2582619
2 0.47020933977455714 0.49733333333333335 0.014492753623188406 0.024 0.0 0.04938272
1 0.14774557165861513 0.6053333333333333 0.0571658615136876 0.08 0.0 0.3065728
1 0.18115942028985507 0.5986666666666667 0.05152979066022544 0.07733333333333334 0.0 0.4084052
1 0.21336553945249598 0.5906666666666667 0.05475040257648953 0.08266666666666667 0.0 0.2457305
1 0.24798711755233493 0.5826666666666667 0.04830917874396135 0.08266666666666667 0.0 0.1322581
