1 0.820450885668277 0.724 0.357487922705314 0.5466666666666666 0.2444472 0.8506592
1 0.6537842190016103 0.64 0.1320450885668277 0.2826666666666667 0.0 0.447538
1 0.5962157809983897 0.584 0.06521739130434782 0.176 0.0 0.4790497
1 0.3413848631239936 0.6186666666666667 0.06924315619967794 0.15466666666666667 0.0 0.5709704
1 0.4210950080515298 0.5586666666666666 0.027375201288244767 0.06666666666666667 0.0 0.5717647
1 0.5370370370370371 0.5266666666666666 0.02576489533011272 0.06666666666666667 0.0 0.48
1 0.4311594202898551 0.552 0.0249597423510467 0.058666666666666666 0.0 0.3357771
1 0.44363929146537845 0.5386666666666666 0.02254428341384863 0.064 0.0 0.4568452
1 0.44887278582930756 0.536 0.020128824476650563 0.05333333333333334 0.0 0.148
1 0.4581320450885668 0.532 0.01610305958132045 0.04 0.0 0.2766667
1 0.5233494363929146 0.5093333333333333 0.011272141706924315 0.032 0.0 0.6845238
1 0.5599838969404187 0.5026666666666667 0.029790660225442835 0.04 0.0 0.3927928
1 0.5591787439613527 0.49733333333333335 0.026570048309178744 0.04533333333333334 0.0 0.07843138
1 0.4726247987117552 0.52 0.011272141706924315 0.032 0.0 0.3690476
1 0.4694041867954911 0.5253333333333333 0.011272141706924315 0.032 0.0 0.6071429
1 0.5555555555555556 0.5013333333333333 0.02576489533011272 0.037333333333333336 0.0 0.01116071
1 0.4758454106280193 0.5186666666666667 0.00966183574879227 0.029333333333333333 0.0 0.1666667
1 0.4774557165861514 0.5186666666666667 0.00966183574879227 0.024 0.0 0.1111111
1 0.4782608695652174 0.5186666666666667 0.008051529790660225 0.024 0.0 0.07777778
1 0.47946859903381644 0.5173333333333333 0.008856682769726247 0.021333333333333333 0.0 0.1590909
1 0.5487117552334944 0.5 0.018518518518518517 0.029333333333333333 0.0 0.09881423
1 0.5475040257648953 0.49866666666666665 0.01288244766505636 0.02666666666666667 0.0 0.01875
1 0.5446859903381642 0.49866666666666665 0.015297906602254429 0.02666666666666667 0.0 0.0368421
1 0.6304347826086957 0.48 0.02576489533011272 0.037333333333333336 0.0 0.05357143
1 0.5418679549114331 0.5 0.01610305958132045 0.024 0.0 0.03333334
1 0.4810789049919485 0.5146666666666667 0.008856682769726247 0.021333333333333333 0.0 0.1590909
1 0.5205314009661836 0.5066666666666667 0.008856682769726247 0.021333333333333333 0.0 0.2045455
1 0.5193236714975845 0.5053333333333333 0.008051529790660225 0.024 0.0 0.07777778
1 0.4826892109500805 0.5146666666666667 0.007246376811594203 0.021333333333333333 0.0 0.02777778
1 0.5185185185185185 0.5053333333333333 0.008051529790660225 0.018666666666666668 0.0 0.07142857
1 0.48389694041867953 0.5133333333333333 0.008051529790660225 0.018666666666666668 0.0 0.3
1 0.5177133655394525 0.5053333333333333 0.008051529790660225 0.018666666666666668 0.0 0.2
1 0.48470209339774556 0.5106666666666667 0.00644122383252818 0.018666666666666668 0.0 0.05357143
1 0.5157004830917874 0.5053333333333333 0.007246376811594203 0.018666666666666668 0.0 0.1269841
1 0.5157004830917874 0.5053333333333333 0.007246376811594203 0.018666666666666668 0.0 0.01587302
1 0.4859098228663446 0.512 0.005636070853462158 0.016 0.0 0.02380952
2 0.6368760064412239 0.476 0.030595813204508857 0.04533333333333334 0.0 0.3978328
2 0.47101449275362317 0.512 0.014492753623188406 0.021333333333333333 0.0 0.03472222
1 0.29549114331723025 0.5813333333333334 0.03542673107890499 0.064 0.0 0.1429924
