1 0.8675523349436393 0.7213333333333334 0.2632850241545894 0.552 0.9722587 0.1533041
1 0.711352657004831 0.7306666666666667 0.23429951690821257 0.496 0.0 0.573643
1 0.604669887278583 0.5986666666666667 0.08695652173913043 0.23733333333333334 0.0 0.5357886
1 0.28421900161030594 0.6293333333333333 0.0966183574879227 0.19733333333333333 0.0 0.55
1 0.40458937198067635 0.5453333333333333 0.03140096618357488 0.07733333333333334 0.0 0.5517241
1 0.53341384863124 0.5106666666666667 0.02818035426731079 0.072 0.0 0.4804233
1 0.4174718196457327 0.5386666666666666 0.02818035426731079 0.064 0.0 0.377381
1 0.4331723027375201 0.5213333333333333 0.024154589371980676 0.06666666666666667 0.0 0.5186667
1 0.44001610305958133 0.5186666666666667 0.021739130434782608 0.056 0.0 0.1957672
1 0.4504830917874396 0.5146666666666667 0.016908212560386472 0.042666666666666665 0.0 0.3214286
1 0.5213365539452496 0.492 0.012077294685990338 0.034666666666666665 0.0 0.5589744
1 0.5591787439613527 0.48533333333333334 0.03140096618357488 0.037333333333333336 0.0 0.452381
1 0.5583735909822867 0.48 0.02818035426731079 0.048 0.0 0.07142857
1 0.46819645732689213 0.5026666666666667 0.012077294685990338 0.034666666666666665 0.0 0.374359
1 0.463768115942029 0.508 0.01288244766505636 0.034666666666666665 0.0 0.6201923
1 0.5547504025764896 0.4826666666666667 0.02576489533011272 0.037333333333333336 0.0 0.03125
1 0.4714170692431562 0.5 0.010466988727858293 0.029333333333333333 0.0 0.1818182
1 0.47383252818035426 0.5013333333333333 0.010466988727858293 0.02666666666666667 0.0 0.1230769
1 0.4750402576489533 0.5 0.008051529790660225 0.024 0.0 0.06666667
1 0.47624798711755234 0.49866666666666665 0.008856682769726247 0.021333333333333333 0.0 0.2386364
1 0.5475040257648953 0.48133333333333334 0.01932367149758454 0.029333333333333333 0.0 0.1098485
1 0.5462962962962963 0.48133333333333334 0.013687600644122383 0.029333333333333333 0.0 0.01604278
1 0.5438808373590982 0.48133333333333334 0.016908212560386472 0.029333333333333333 0.0 0.02597403
1 0.6324476650563607 0.46266666666666667 0.026570048309178744 0.04 0.0 0.008080808
1 0.5406602254428341 0.4826666666666667 0.016908212560386472 0.02666666666666667 0.0 0.01428571
1 0.4782608695652174 0.49733333333333335 0.00966183574879227 0.024 0.0 0.1388889
1 0.5189210950080515 0.48933333333333334 0.008856682769726247 0.024 0.0 0.09090909
1 0.5177133655394525 0.4866666666666667 0.008051529790660225 0.024 0.0 0.1333333
1 0.47946859903381644 0.496 0.007246376811594203 0.021333333333333333 0.0 0.08333334
1 0.4810789049919485 0.496 0.008856682769726247 0.021333333333333333 0.0 0.2272727
1 0.5161030595813204 0.4866666666666667 0.008051529790660225 0.018666666666666668 0.0 0.1857143
1 0.4822866344605475 0.49333333333333335 0.00644122383252818 0.021333333333333333 0.0 0.09375
1 0.5140901771336553 0.4866666666666667 0.007246376811594203 0.018666666666666668 0.0 0.1111111
1 0.5140901771336553 0.4866666666666667 0.007246376811594203 0.018666666666666668 0.0 0.03174603
1 0.4834943639291465 0.49333333333333335 0.005636070853462158 0.016 0.0 0.0952381
2 0.6400966183574879 0.45866666666666667 0.0322061191626409 0.048 0.0 0.3736111
2 0.46859903381642515 0.49333333333333335 0.014492753623188406 0.021333333333333333 0.0 0.03472222
1 0.2109500805152979 0.5826666666666667 0.043478260869565216 0.06666666666666667 0.0 0.006666667
1 0.23953301127214172 0.5746666666666667 0.04589371980676329 0.072 0.0 0.4671865
1 0.27012882447665054 0.568 0.04106280193236715 0.06933333333333333 0.0 0.2300151
