1 0.8413848631239935 0.7453333333333333 0.31561996779388085 0.504 0.693785 0.6006641
1 0.6622383252818036 0.6733333333333333 0.14895330112721417 0.376 0.0 0.6739122
1 0.2113526570048309 0.6866666666666666 0.1457326892109501 0.27466666666666667 0.0 0.5273829
1 0.39331723027375204 0.56 0.036231884057971016 0.08533333333333333 0.0 0.5604166
1 0.538244766505636 0.52 0.03140096618357488 0.08 0.0 0.4923077
1 0.40901771336553944 0.5506666666666666 0.0322061191626409 0.072 0.0 0.3888889
1 0.427938808373591 0.532 0.026570048309178744 0.072 0.0 0.5578002
1 0.4359903381642512 0.528 0.023349436392914653 0.058666666666666666 0.0 0.2115987
1 0.44806763285024154 0.524 0.018518518518518517 0.04533333333333334 0.0 0.3401535
1 0.5225442834138486 0.49866666666666665 0.01288244766505636 0.037333333333333336 0.0 0.5803571
1 0.5632045088566827 0.492 0.033011272141706925 0.04 0.0 0.4390244
1 0.5623993558776168 0.4866666666666667 0.029790660225442835 0.050666666666666665 0.0 0.08250356
1 0.4673913043478261 0.5093333333333333 0.012077294685990338 0.037333333333333336 0.0 0.3761905
1 0.46256038647342995 0.5146666666666667 0.013687600644122383 0.037333333333333336 0.0 0.6008403
1 0.5579710144927537 0.48933333333333334 0.027375201288244767 0.04 0.0 0.007843138
1 0.47101449275362317 0.508 0.011272141706924315 0.029333333333333333 0.0 0.1883117
1 0.47342995169082125 0.5066666666666667 0.00966183574879227 0.02666666666666667 0.0 0.1583333
1 0.4746376811594203 0.5066666666666667 0.008856682769726247 0.02666666666666667 0.0 0.05454545
1 0.4758454106280193 0.5053333333333333 0.00966183574879227 0.024 0.0 0.2222222
1 0.5499194847020934 0.4866666666666667 0.01932367149758454 0.029333333333333333 0.0 0.1060606
1 0.5487117552334944 0.4866666666666667 0.013687600644122383 0.029333333333333333 0.0 0.01069519
1 0.5462962962962963 0.4866666666666667 0.016908212560386472 0.029333333333333333 0.0 0.03463203
1 0.5430756843800322 0.488 0.016908212560386472 0.02666666666666667 0.0 0.02857143
1 0.4782608695652174 0.5026666666666667 0.00966183574879227 0.024 0.0 0.1574074
1 0.5197262479871175 0.49466666666666664 0.008856682769726247 0.024 0.0 0.1313131
1 0.5189210950080515 0.49333333333333335 0.008856682769726247 0.02666666666666667 0.0 0.07272727
1 0.47906602254428343 0.5026666666666667 0.008051529790660225 0.024 0.0 0.08888889
1 0.5181159420289855 0.49333333333333335 0.008856682769726247 0.021333333333333333 0.0 0.03409091
1 0.4810789049919485 0.5013333333333333 0.008856682769726247 0.021333333333333333 0.0 0.2613636
1 0.5169082125603864 0.49333333333333335 0.008051529790660225 0.021333333333333333 0.0 0.1875
1 0.4826892109500805 0.49866666666666665 0.007246376811594203 0.021333333333333333 0.0 0.05555556
1 0.5152979066022544 0.492 0.008051529790660225 0.018666666666666668 0.0 0.1142857
1 0.4834943639291465 0.5 0.005636070853462158 0.018666666666666668 0.0 0.122449
2 0.6473429951690821 0.464 0.033816425120772944 0.048 0.0 0.4179894
2 0.46859903381642515 0.49866666666666665 0.014492753623188406 0.021333333333333333 0.0 0.05555556
1 0.14935587761674718 0.6066666666666667 0.05555555555555555 0.07733333333333334 0.0 0.2608696
1 0.1819645732689211 0.5986666666666667 0.0499194847020934 0.072 0.0 0.4259259
1 0.21336553945249598 0.5906666666666667 0.05314009661835749 0.08266666666666667 0.0 0.202346
1 0.2471819645732689 0.5826666666666667 0.04669887278582931 0.07733333333333334 0.0 0.1093936
