1 0.8111916264090178 0.724 0.37600644122383253 0.5466666666666666 0.06960267 0.7891994
1 0.6392914653784219 0.6226666666666667 0.11594202898550725 0.25333333333333335 0.0 0.3971491
1 0.5905797101449275 0.5746666666666667 0.06038647342995169 0.16266666666666665 0.0 0.4609836
1 0.3494363929146538 0.6093333333333333 0.0644122383252818 0.14666666666666667 0.0 0.5759091
1 0.42310789049919484 0.5533333333333333 0.026570048309178744 0.06666666666666667 0.0 0.5563636
1 0.5366344605475041 0.5226666666666666 0.0249597423510467 0.064 0.0 0.4798387
1 0.4323671497584541 0.548 0.024154589371980676 0.056 0.0 0.3476191
1 0.44484702093397743 0.5346666666666666 0.021739130434782608 0.06133333333333333 0.0 0.4718196
1 0.4496779388083736 0.532 0.018518518518518517 0.050666666666666665 0.0 0.1624714
1 0.4581320450885668 0.5293333333333333 0.01610305958132045 0.04 0.0 0.2666667
1 0.5229468599033816 0.5066666666666667 0.012077294685990338 0.032 0.0 0.6388889
1 0.5591787439613527 0.49866666666666665 0.029790660225442835 0.037333333333333336 0.0 0.3783784
1 0.5583735909822867 0.49466666666666664 0.026570048309178744 0.04533333333333334 0.0 0.07664884
1 0.47302737520128824 0.5173333333333333 0.010466988727858293 0.032 0.0 0.3846154
1 0.46980676328502413 0.5226666666666666 0.012077294685990338 0.032 0.0 0.5722222
1 0.5551529790660226 0.49733333333333335 0.0249597423510467 0.034666666666666665 0.0 0.02233251
1 0.4758454106280193 0.516 0.00966183574879227 0.029333333333333333 0.0 0.1666667
1 0.4778582930756844 0.516 0.008856682769726247 0.024 0.0 0.1313131
1 0.4782608695652174 0.5133333333333333 0.008051529790660225 0.024 0.0 0.05555556
1 0.47946859903381644 0.5133333333333333 0.008856682769726247 0.024 0.0 0.1515152
1 0.5479066022544283 0.496 0.018518518518518517 0.02666666666666667 0.0 0.1086956
1 0.5466988727858293 0.49466666666666664 0.01288244766505636 0.029333333333333333 0.0 0.01136364
1 0.5446859903381642 0.496 0.015297906602254429 0.02666666666666667 0.0 0.02631579
1 0.6288244766505636 0.47733333333333333 0.02576489533011272 0.037333333333333336 0.0 0.04910714
1 0.6252012882447665 0.48 0.0249597423510467 0.032 0.0 0.002688172
1 0.5418679549114331 0.49733333333333335 0.01610305958132045 0.024 0.0 0.04444445
1 0.48148148148148145 0.512 0.008051529790660225 0.021333333333333333 0.0 0.1375
1 0.5201288244766505 0.5026666666666667 0.008051529790660225 0.024 0.0 0.1777778
1 0.5193236714975845 0.5026666666666667 0.008051529790660225 0.024 0.0 0.1333333
1 0.4826892109500805 0.512 0.007246376811594203 0.021333333333333333 0.0 0.08333334
1 0.5185185185185185 0.5013333333333333 0.008051529790660225 0.021333333333333333 0.0 0.0125
1 0.48389694041867953 0.5093333333333333 0.008051529790660225 0.021333333333333333 0.0 0.2
1 0.5173107890499195 0.5026666666666667 0.008856682769726247 0.018666666666666668 0.0 0.1558442
1 0.48470209339774556 0.508 0.00644122383252818 0.018666666666666668 0.0 0.03571429
1 0.5157004830917874 0.5013333333333333 0.007246376811594203 0.021333333333333333 0.0 0.1111111
1 0.5157004830917874 0.5 0.007246376811594203 0.018666666666666668 0.0 0.03174603
1 0.4859098228663446 0.508 0.005636070853462158 0.018666666666666668 0.0 0.02040816
2 0.6352657004830918 0.47333333333333333 0.030595813204508857 0.04533333333333334 0.0 0.4566563
2 0.47101449275362317 0.508 0.014492753623188406 0.024 0.0 0.03703704
1 0.3003220611916264 0.576 0.033816425120772944 0.064 0.0 0.07837301
