1 0.8671497584541062 0.7453333333333333 0.2640901771336554 0.504 0.8782728 0.2672119
1 0.6855877616747182 0.7013333333333334 0.177938808373591 0.432 0.0 0.6723926
1 0.1855877616747182 0.704 0.16505636070853463 0.304 0.0 0.5173299
1 0.39009661835748793 0.56 0.03784219001610306 0.09066666666666667 0.0 0.5413016
1 0.5394524959742351 0.5186666666666667 0.0322061191626409 0.08266666666666667 0.0 0.4919355
1 0.40660225442834136 0.5493333333333333 0.0322061191626409 0.07466666666666667 0.0 0.4125
1 0.42592592592592593 0.5306666666666666 0.027375201288244767 0.07466666666666667 0.0 0.5577731
1 0.43438003220611915 0.5266666666666666 0.023349436392914653 0.06133333333333333 0.0 0.2098951
1 0.4468599033816425 0.5213333333333333 0.01932367149758454 0.04533333333333334 0.0 0.3455882
1 0.5229468599033816 0.49733333333333335 0.013687600644122383 0.034666666666666665 0.0 0.6289593
1 0.5640096618357487 0.49066666666666664 0.033011272141706925 0.042666666666666665 0.0 0.4237805
1 0.5628019323671497 0.484 0.030595813204508857 0.050666666666666665 0.0 0.08171745
1 0.4669887278582931 0.508 0.01288244766505636 0.034666666666666665 0.0 0.4086539
1 0.46256038647342995 0.5133333333333333 0.013687600644122383 0.034666666666666665 0.0 0.6561086
1 0.5587761674718197 0.4866666666666667 0.027375201288244767 0.04 0.0 0.009803922
1 0.47101449275362317 0.5053333333333333 0.011272141706924315 0.029333333333333333 0.0 0.1818182
1 0.47302737520128824 0.5053333333333333 0.010466988727858293 0.029333333333333333 0.0 0.1468531
1 0.4746376811594203 0.504 0.008856682769726247 0.02666666666666667 0.0 0.05454545
1 0.4754428341384863 0.5026666666666667 0.008856682769726247 0.024 0.0 0.1818182
1 0.5503220611916264 0.48533333333333334 0.020128824476650563 0.032 0.0 0.08666667
1 0.5491143317230274 0.484 0.014492753623188406 0.029333333333333333 0.0 0.02525252
1 0.5462962962962963 0.48533333333333334 0.016908212560386472 0.032 0.0 0.04365079
1 0.5434782608695652 0.4866666666666667 0.017713365539452495 0.029333333333333333 0.0 0.02892562
1 0.4778582930756844 0.5026666666666667 0.008856682769726247 0.024 0.0 0.1818182
1 0.5201288244766505 0.492 0.00966183574879227 0.024 0.0 0.1481481
1 0.5189210950080515 0.492 0.008856682769726247 0.024 0.0 0.06060606
1 0.47906602254428343 0.5 0.008051529790660225 0.024 0.0 0.1
1 0.5181159420289855 0.49066666666666664 0.008856682769726247 0.021333333333333333 0.0 0.06818182
1 0.4810789049919485 0.49866666666666665 0.008856682769726247 0.021333333333333333 0.0 0.2613636
1 0.5173107890499195 0.49066666666666664 0.008856682769726247 0.021333333333333333 0.0 0.125
1 0.4826892109500805 0.49733333333333335 0.007246376811594203 0.018666666666666668 0.0 0.1111111
1 0.5152979066022544 0.49066666666666664 0.008051529790660225 0.021333333333333333 0.0 0.1125
1 0.4834943639291465 0.49733333333333335 0.005636070853462158 0.018666666666666668 0.0 0.1020408
2 0.6493558776167472 0.46266666666666667 0.03462157809983897 0.050666666666666665 0.0 0.3500612
2 0.46859903381642515 0.49733333333333335 0.014492753623188406 0.024 0.0 0.0617284
1 0.14049919484702095 0.6053333333333333 0.0571658615136876 0.08 0.0 0.4746479
1 0.17431561996779388 0.5986666666666667 0.05233494363929147 0.07733333333333334 0.0 0.269496
1 0.20571658615136876 0.5906666666666667 0.05555555555555555 0.08266666666666667 0.0 0.1725105
1 0.24074074074074073 0.5826666666666667 0.04830917874396135 0.08266666666666667 0.0 0.1413978
