1 0.8486312399355878 0.744 0.30112721417069244 0.5066666666666667 0.4205635 0.718027
1 0.6714975845410628 0.648 0.13526570048309178 0.3253333333333333 0.0 0.6711553
1 0.2560386473429952 0.6693333333333333 0.12399355877616747 0.25066666666666665 0.0 0.5376485
1 0.40458937198067635 0.556 0.03462157809983897 0.08266666666666667 0.0 0.5513878
1 0.5442834138486312 0.5186666666666667 0.030595813204508857 0.07733333333333334 0.0 0.5036297
1 0.41827697262479874 0.548 0.029790660225442835 0.072 0.0 0.3693694
1 0.4351851851851852 0.5293333333333333 0.0249597423510467 0.072 0.0 0.5268817
1 0.4420289855072464 0.528 0.02254428341384863 0.058666666666666666 0.0 0.1785714
1 0.4533011272141707 0.5213333333333333 0.017713365539452495 0.04533333333333334 0.0 0.3074866
1 0.5257648953301127 0.49733333333333335 0.01288244766505636 0.034666666666666665 0.0 0.75
1 0.5660225442834138 0.49066666666666664 0.0322061191626409 0.042666666666666665 0.0 0.396875
1 0.5648148148148148 0.48533333333333334 0.029790660225442835 0.048 0.0 0.08558559
1 0.47061191626409016 0.508 0.012077294685990338 0.034666666666666665 0.0 0.3897436
1 0.4669887278582931 0.5146666666666667 0.01288244766505636 0.037333333333333336 0.0 0.5848214
1 0.5603864734299517 0.488 0.027375201288244767 0.037333333333333336 0.0 0.008403362
1 0.4742351046698873 0.5066666666666667 0.011272141706924315 0.032 0.0 0.1607143
1 0.47624798711755234 0.5066666666666667 0.010466988727858293 0.02666666666666667 0.0 0.1153846
1 0.47705314009661837 0.5053333333333333 0.008856682769726247 0.024 0.0 0.07070707
1 0.4786634460547504 0.5053333333333333 0.008856682769726247 0.024 0.0 0.2020202
1 0.5519323671497585 0.4866666666666667 0.020128824476650563 0.029333333333333333 0.0 0.09818182
1 0.5507246376811594 0.48533333333333334 0.014492753623188406 0.032 0.0 0.01851852
1 0.5479066022544283 0.4866666666666667 0.016908212560386472 0.029333333333333333 0.0 0.06493507
1 0.5446859903381642 0.488 0.016908212560386472 0.02666666666666667 0.0 0.03333334
1 0.48027375201288247 0.5026666666666667 0.008856682769726247 0.024 0.0 0.1515152
1 0.5221417069243156 0.49466666666666664 0.008856682769726247 0.024 0.0 0.1919192
1 0.5209339774557166 0.492 0.008051529790660225 0.024 0.0 0.1555556
1 0.48148148148148145 0.5013333333333333 0.008051529790660225 0.021333333333333333 0.0 0.0875
1 0.5201288244766505 0.49333333333333335 0.008051529790660225 0.021333333333333333 0.0 0.0875
1 0.4830917874396135 0.5013333333333333 0.008051529790660225 0.021333333333333333 0.0 0.25
1 0.5189210950080515 0.49333333333333335 0.008856682769726247 0.021333333333333333 0.0 0.1704545
1 0.48429951690821255 0.49866666666666665 0.007246376811594203 0.021333333333333333 0.0 0.06944445
1 0.5169082125603864 0.492 0.008051529790660225 0.018666666666666668 0.0 0.1142857
1 0.4851046698872786 0.49866666666666665 0.005636070853462158 0.016 0.0 0.04761905
2 0.6485507246376812 0.46266666666666667 0.033011272141706925 0.050666666666666665 0.0 0.3555841
2 0.47020933977455714 0.49866666666666665 0.014492753623188406 0.021333333333333333 0.0 0.03472222
1 0.16505636070853463 0.6026666666666667 0.05314009661835749 0.07466666666666667 0.0 0.0005411255
1 0.19685990338164253 0.596 0.04750402576489533 0.072 0.0 0.301946
1 0.22745571658615138 0.588 0.050724637681159424 0.07733333333333334 0.0 0.4926108
1 0.2604669887278583 0.58 0.04428341384863124 0.07733333333333334 0.0 0.1134796
