1 0.8752012882447665 0.7213333333333334 0.24798711755233493 0.552 0.9399037 0.3803093
1 0.7190016103059581 0.692 0.20772946859903382 0.4186666666666667 0.0 0.5712487
1 0.6179549114331723 0.5893333333333334 0.08454106280193237 0.21866666666666668 0.0 0.5573751
1 0.31280193236714976 0.6213333333333333 0.0861513687600644 0.18666666666666668 0.0 0.553538
1 0.4142512077294686 0.5453333333333333 0.029790660225442835 0.072 0.0 0.5775776
1 0.5394524959742351 0.5106666666666667 0.027375201288244767 0.072 0.0 0.4814815
1 0.4255233494363929 0.5386666666666666 0.026570048309178744 0.064 0.0 0.3522727
1 0.44001610305958133 0.5226666666666666 0.023349436392914653 0.064 0.0 0.5158046
1 0.44605475040257647 0.52 0.020933977455716585 0.05333333333333334 0.0 0.1769231
1 0.4553140096618358 0.516 0.016908212560386472 0.04 0.0 0.2984127
1 0.5237520128824477 0.49333333333333335 0.012077294685990338 0.032 0.0 0.7166666
1 0.5619967793880838 0.4866666666666667 0.030595813204508857 0.04 0.0 0.4
1 0.5611916264090178 0.48133333333333334 0.027375201288244767 0.04533333333333334 0.0 0.08131488
1 0.4718196457326892 0.5026666666666667 0.011272141706924315 0.034666666666666665 0.0 0.3681319
1 0.46819645732689213 0.508 0.012077294685990338 0.034666666666666665 0.0 0.5846154
1 0.5571658615136876 0.48533333333333334 0.02576489533011272 0.037333333333333336 0.0 0.006696429
1 0.4746376811594203 0.5026666666666667 0.010466988727858293 0.029333333333333333 0.0 0.1608392
1 0.47665056360708535 0.5013333333333333 0.00966183574879227 0.02666666666666667 0.0 0.125
1 0.4774557165861514 0.5 0.008051529790660225 0.024 0.0 0.04444445
1 0.4786634460547504 0.5 0.008856682769726247 0.024 0.0 0.2020202
1 0.5495169082125604 0.48133333333333334 0.018518518518518517 0.029333333333333333 0.0 0.1027668
1 0.5487117552334944 0.48133333333333334 0.013687600644122383 0.029333333333333333 0.0 0.02673797
1 0.5458937198067633 0.4826666666666667 0.01610305958132045 0.02666666666666667 0.0 0.055
1 0.5430756843800322 0.4826666666666667 0.016908212560386472 0.02666666666666667 0.0 0.03809524
1 0.4810789049919485 0.49866666666666665 0.008856682769726247 0.021333333333333333 0.0 0.1590909
1 0.5205314009661836 0.48933333333333334 0.008856682769726247 0.024 0.0 0.1919192
1 0.5201288244766505 0.48933333333333334 0.008051529790660225 0.024 0.0 0.1111111
1 0.48188405797101447 0.49733333333333335 0.007246376811594203 0.024 0.0 0.07407407
1 0.5189210950080515 0.488 0.008856682769726247 0.021333333333333333 0.0 0.06818182
1 0.4830917874396135 0.496 0.008051529790660225 0.021333333333333333 0.0 0.2375
1 0.5177133655394525 0.488 0.008051529790660225 0.021333333333333333 0.0 0.1375
1 0.48429951690821255 0.49466666666666664 0.007246376811594203 0.018666666666666668 0.0 0.03174603
1 0.5161030595813204 0.488 0.008051529790660225 0.021333333333333333 0.0 0.1
1 0.4851046698872786 0.49466666666666664 0.005636070853462158 0.018666666666666668 0.0 0.08163265
2 0.6413043478260869 0.4613333333333333 0.03140096618357488 0.048 0.0 0.4871795
2 0.47020933977455714 0.49333333333333335 0.014492753623188406 0.021333333333333333 0.0 0.05555556
1 0.25161030595813205 0.5746666666666667 0.04428341384863124 0.072 0.0 0.06464647
1 0.28180354267310787 0.568 0.03864734299516908 0.06933333333333333 0.0 0.3685897
