1 0.7999194847020934 0.7213333333333334 0.39855072463768115 0.552 0.2064544 0.8400918
1 0.6272141706924316 0.64 0.12399355877616747 0.2826666666666667 0.0 0.3603283
1 0.5793075684380032 0.584 0.061996779388083734 0.176 0.0 0.4189295
1 0.3276972624798712 0.6186666666666667 0.07085346215780998 0.15466666666666667 0.0 0.5707288
1 0.4142512077294686 0.5586666666666666 0.02818035426731079 0.06666666666666667 0.0 0.56
1 0.5309983896940419 0.5266666666666666 0.0249597423510467 0.06666666666666667 0.0 0.483871
1 0.4247181964573269 0.552 0.0249597423510467 0.058666666666666666 0.0 0.3577712
1 0.4384057971014493 0.5386666666666666 0.021739130434782608 0.064 0.0 0.5046296
1 0.4440418679549114 0.536 0.020128824476650563 0.05333333333333334 0.0 0.16
1 0.4537037037037037 0.532 0.016908212560386472 0.04 0.0 0.2857143
1 0.5201288244766505 0.5093333333333333 0.011272141706924315 0.032 0.0 0.5357143
1 0.5567632850241546 0.5026666666666667 0.029790660225442835 0.04 0.0 0.2720721
1 0.5559581320450886 0.49733333333333335 0.026570048309178744 0.04533333333333334 0.0 0.06773619
1 0.4694041867954911 0.52 0.011272141706924315 0.032 0.0 0.3809524
1 0.46578099838969406 0.5253333333333333 0.012077294685990338 0.032 0.0 0.6
1 0.5527375201288245 0.5013333333333333 0.0249597423510467 0.037333333333333336 0.0 0.03225806
1 0.47302737520128824 0.5186666666666667 0.010466988727858293 0.029333333333333333 0.0 0.1678322
1 0.4750402576489533 0.5186666666666667 0.00966183574879227 0.024 0.0 0.1388889
1 0.4758454106280193 0.5186666666666667 0.008051529790660225 0.024 0.0 0.07777778
1 0.47705314009661837 0.5173333333333333 0.008856682769726247 0.021333333333333333 0.0 0.1818182
1 0.5458937198067633 0.5 0.017713365539452495 0.029333333333333333 0.0 0.1404959
1 0.5450885668276972 0.49866666666666665 0.01288244766505636 0.02666666666666667 0.0 0.0125
1 0.5422705314009661 0.49866666666666665 0.015297906602254429 0.02666666666666667 0.0 0.05789474
1 0.6272141706924316 0.48 0.02576489533011272 0.037333333333333336 0.0 0.08035714
1 0.6239935587761675 0.4826666666666667 0.02576489533011272 0.032 0.0 0.0625
1 0.5394524959742351 0.5 0.01610305958132045 0.024 0.0 0.01111111
1 0.47906602254428343 0.5146666666666667 0.008051529790660225 0.021333333333333333 0.0 0.1875
1 0.5181159420289855 0.5066666666666667 0.008856682769726247 0.021333333333333333 0.0 0.09090909
1 0.5173107890499195 0.5053333333333333 0.007246376811594203 0.024 0.0 0.08641975
1 0.48027375201288247 0.5146666666666667 0.007246376811594203 0.021333333333333333 0.0 0.06944445
1 0.5169082125603864 0.5053333333333333 0.008051529790660225 0.018666666666666668 0.0 0.07142857
1 0.48148148148148145 0.5133333333333333 0.008051529790660225 0.018666666666666668 0.0 0.2857143
1 0.5152979066022544 0.5053333333333333 0.008051529790660225 0.018666666666666668 0.0 0.1714286
1 0.4830917874396135 0.5106666666666667 0.00644122383252818 0.018666666666666668 0.0 0.08928572
1 0.5140901771336553 0.5053333333333333 0.007246376811594203 0.018666666666666668 0.0 0.0952381
1 0.5140901771336553 0.5053333333333333 0.007246376811594203 0.018666666666666668 0.0 0.01587302
1 0.48389694041867953 0.512 0.004830917874396135 0.016 0.0 0.08333334
2 0.6336553945249598 0.476 0.030595813204508857 0.04533333333333334 0.0 0.373065
2 0.4694041867954911 0.512 0.014492753623188406 0.021333333333333333 0.0 0.03472222
1 0.2898550724637681 0.5813333333333334 0.03542673107890499 0.064 0.0 0.1780303
