1 0.8079710144927537 0.7213333333333334 0.3824476650563607 0.552 0.3953092 0.8629342
1 0.6409017713365539 0.652 0.14009661835748793 0.31733333333333336 0.0 0.4286197
1 0.5841384863123994 0.5866666666666667 0.06682769726247988 0.18666666666666668 0.0 0.4430293
1 0.3188405797101449 0.6173333333333333 0.07568438003220612 0.16266666666666665 0.0 0.5713289
1 0.41183574879227053 0.5546666666666666 0.02818035426731079 0.06933333333333333 0.0 0.5725275
1 0.5314009661835749 0.5213333333333333 0.02576489533011272 0.06666666666666667 0.0 0.48625
1 0.4227053140096618 0.548 0.02576489533011272 0.06133333333333333 0.0 0.3532609
1 0.43719806763285024 0.5333333333333333 0.02254428341384863 0.064 0.0 0.5089286
1 0.44323671497584544 0.5306666666666666 0.020128824476650563 0.05333333333333334 0.0 0.186
1 0.4528985507246377 0.5266666666666666 0.016908212560386472 0.04 0.0 0.3015873
1 0.5205314009661836 0.5053333333333333 0.012077294685990338 0.034666666666666665 0.0 0.4564103
1 0.5571658615136876 0.49866666666666665 0.030595813204508857 0.037333333333333336 0.0 0.3176692
1 0.5563607085346216 0.49466666666666664 0.027375201288244767 0.04533333333333334 0.0 0.07093426
1 0.4694041867954911 0.516 0.011272141706924315 0.034666666666666665 0.0 0.3846154
1 0.46537842190016104 0.52 0.01288244766505636 0.032 0.0 0.5677083
1 0.5527375201288245 0.496 0.0249597423510467 0.037333333333333336 0.0 0.03225806
1 0.4726247987117552 0.5133333333333333 0.00966183574879227 0.029333333333333333 0.0 0.1893939
1 0.4742351046698873 0.5133333333333333 0.00966183574879227 0.024 0.0 0.1388889
1 0.4758454106280193 0.5133333333333333 0.008051529790660225 0.024 0.0 0.06666667
1 0.47665056360708535 0.512 0.008051529790660225 0.021333333333333333 0.0 0.175
1 0.5462962962962963 0.49466666666666664 0.018518518518518517 0.029333333333333333 0.0 0.1225296
1 0.5450885668276972 0.49333333333333335 0.01288244766505636 0.02666666666666667 0.0 0.025
1 0.5426731078904992 0.49466666666666664 0.01610305958132045 0.029333333333333333 0.0 0.03636364
1 0.6288244766505636 0.47733333333333333 0.02576489533011272 0.037333333333333336 0.0 0.08928572
1 0.6247987117552335 0.4786666666666667 0.02576489533011272 0.034666666666666665 0.0 0.02644231
1 0.5398550724637681 0.496 0.016908212560386472 0.02666666666666667 0.0 0.01428571
1 0.4786634460547504 0.5106666666666667 0.008856682769726247 0.024 0.0 0.1818182
1 0.5181159420289855 0.5013333333333333 0.008856682769726247 0.021333333333333333 0.0 0.09090909
1 0.5173107890499195 0.5 0.007246376811594203 0.024 0.0 0.07407407
1 0.47987117552334946 0.5093333333333333 0.008051529790660225 0.021333333333333333 0.0 0.0375
1 0.5169082125603864 0.5013333333333333 0.008051529790660225 0.021333333333333333 0.0 0.0625
1 0.48148148148148145 0.508 0.008051529790660225 0.018666666666666668 0.0 0.3142857
1 0.5152979066022544 0.5 0.008051529790660225 0.018666666666666668 0.0 0.1857143
1 0.4826892109500805 0.5066666666666667 0.007246376811594203 0.021333333333333333 0.0 0.05555556
1 0.5140901771336553 0.5 0.007246376811594203 0.018666666666666668 0.0 0.0952381
1 0.5140901771336553 0.5 0.007246376811594203 0.018666666666666668 0.0 0.03174603
1 0.4834943639291465 0.5066666666666667 0.005636070853462158 0.016 0.0 0.1190476
2 0.6348631239935588 0.47333333333333333 0.03140096618357488 0.04533333333333334 0.0 0.4615385
2 0.4690016103059581 0.5066666666666667 0.013687600644122383 0.021333333333333333 0.0 0.04411765
1 0.25644122383252815 0.5826666666666667 0.04106280193236715 0.06666666666666667 0.0 0.0007843137
1 0.28502415458937197 0.5773333333333334 0.037037037037037035 0.06666666666666667 0.0 0.2852174
