1 0.8107890499194848 0.74 0.33011272141706927 0.5146666666666667 0.004262447 0.6623531
1 0.6400966183574879 0.612 0.10466988727858294 0.264 0.0 0.6117327
1 0.28703703703703703 0.6426666666666667 0.10225442834138486 0.21333333333333335 0.0 0.5518701
1 0.40942028985507245 0.5493333333333333 0.03140096618357488 0.08 0.0 0.5547009
1 0.5418679549114331 0.512 0.028985507246376812 0.07466666666666667 0.0 0.4920635
1 0.4223027375201288 0.5426666666666666 0.02818035426731079 0.06666666666666667 0.0 0.3725714
1 0.43760064412238325 0.5253333333333333 0.0249597423510467 0.06933333333333333 0.0 0.4962779
1 0.4440418679549114 0.5213333333333333 0.021739130434782608 0.056 0.0 0.1798942
1 0.45410628019323673 0.5173333333333333 0.017713365539452495 0.042666666666666665 0.0 0.2954545
1 0.5249597423510467 0.49466666666666664 0.01288244766505636 0.034666666666666665 0.0 0.6682692
1 0.5640096618357487 0.4866666666666667 0.03140096618357488 0.04 0.0 0.408547
1 0.5628019323671497 0.4826666666666667 0.028985507246376812 0.048 0.0 0.08024691
1 0.4714170692431562 0.5053333333333333 0.012077294685990338 0.034666666666666665 0.0 0.3692308
1 0.4669887278582931 0.5106666666666667 0.01288244766505636 0.034666666666666665 0.0 0.6057692
1 0.5587761674718197 0.484 0.027375201288244767 0.04 0.0 0.007843138
1 0.4746376811594203 0.5026666666666667 0.010466988727858293 0.029333333333333333 0.0 0.1678322
1 0.47665056360708535 0.5026666666666667 0.00966183574879227 0.024 0.0 0.1666667
1 0.4774557165861514 0.5013333333333333 0.008051529790660225 0.02666666666666667 0.0 0.07
1 0.4786634460547504 0.5 0.008856682769726247 0.024 0.0 0.1515152
1 0.5507246376811594 0.4826666666666667 0.01932367149758454 0.032 0.0 0.09027778
1 0.5495169082125604 0.48133333333333334 0.013687600644122383 0.029333333333333333 0.0 0.03208556
1 0.5466988727858293 0.4826666666666667 0.01610305958132045 0.02666666666666667 0.0 0.07
1 0.5438808373590982 0.4826666666666667 0.016908212560386472 0.02666666666666667 0.0 0.03333334
1 0.4806763285024155 0.49866666666666665 0.00966183574879227 0.021333333333333333 0.0 0.15625
1 0.5213365539452496 0.48933333333333334 0.008856682769726247 0.024 0.0 0.1919192
1 0.5201288244766505 0.48933333333333334 0.008051529790660225 0.024 0.0 0.1111111
1 0.48188405797101447 0.49866666666666665 0.007246376811594203 0.021333333333333333 0.0 0.1111111
1 0.5197262479871175 0.488 0.008856682769726247 0.021333333333333333 0.0 0.03409091
1 0.4830917874396135 0.496 0.008051529790660225 0.021333333333333333 0.0 0.225
1 0.5181159420289855 0.488 0.008856682769726247 0.021333333333333333 0.0 0.1363636
1 0.48429951690821255 0.49466666666666664 0.007246376811594203 0.018666666666666668 0.0 0.06349207
1 0.5165056360708534 0.488 0.007246376811594203 0.021333333333333333 0.0 0.1388889
1 0.5165056360708534 0.4866666666666667 0.007246376811594203 0.018666666666666668 0.0 0.01587302
1 0.4851046698872786 0.49466666666666664 0.005636070853462158 0.018666666666666668 0.0 0.08163265
2 0.644927536231884 0.45866666666666667 0.0322061191626409 0.048 0.0 0.4486111
2 0.47020933977455714 0.49466666666666664 0.014492753623188406 0.024 0.0 0.03703704
1 0.2105475040257649 0.5893333333333334 0.04428341384863124 0.06933333333333333 0.0 0.007692308
1 0.23953301127214172 0.5813333333333334 0.04750402576489533 0.07466666666666667 0.0 0.4697337
1 0.2713365539452496 0.5733333333333334 0.04186795491143317 0.07466666666666667 0.0 0.2548077
